[LEFT_CAM_2K]
fx=1542.7
fy=1542.69
cx=1109.3
cy=608.35
k1=-0.0403439
k2=0.0439197
k3=-0.0447262
k4=0.024519

[RIGHT_CAM_2K]
fx=1543.33
fy=1543.01
cx=1134.14
cy=616.672
k1=-0.0408901
k2=0.0471278
k3=-0.0511908
k4=0.0280729

[LEFT_CAM_FHD]
fx=1542.7
fy=1542.69
cx=965.3
cy=527.35
k1=-0.0403439
k2=0.0439197
k3=-0.0447262
k4=0.024519

[RIGHT_CAM_FHD]
fx=1543.33
fy=1543.01
cx=990.14
cy=535.672
k1=-0.0408901
k2=0.0471278
k3=-0.0511908
k4=0.0280729

[LEFT_CAM_HD]
fx=771.35
fy=771.345
cx=641.15
cy=352.175
k1=-0.0403439
k2=0.0439197
k3=-0.0447262
k4=0.024519

[RIGHT_CAM_HD]
fx=771.665
fy=771.505
cx=653.57
cy=356.336
k1=-0.0408901
k2=0.0471278
k3=-0.0511908
k4=0.0280729

[LEFT_CAM_VGA]
fx=385.675
fy=385.6725
cx=336.075
cy=183.5875
k1=-0.0403439
k2=0.0439197
k3=-0.0447262
k4=0.024519

[RIGHT_CAM_VGA]
fx=385.8325
fy=385.7525
cx=342.285
cy=185.668
k1=-0.0408901
k2=0.0471278
k3=-0.0511908
k4=0.0280729

[STEREO]
Baseline=63.0583
TY=0.146177
TZ=-0.799636
CV_2K=0.00141081
CV_FHD=0.00141081
CV_HD=0.00141081
CV_VGA=0.00141081
RX_2K=-0.00221184
RX_FHD=-0.00221184
RX_HD=-0.00221184
RX_VGA=-0.00221184
RZ_2K=-3.40179e-05
RZ_FHD=-3.40179e-05
RZ_HD=-3.40179e-05
RZ_VGA=-3.40179e-05

[MISC]
Sensor_ID=0
